0
0
1
1
1
0
0
1
0
1
0
1
0
1
0
0
0
1
0
1
1
1
1
0
0
1
1
0
1
1
1
1
0
0
0
1
1
0
1
1
1
0
1
1
0
0
0
0
1
1
0
0
0
0
1
0
1
0
1
1
0
1
0
1
0
0
0
1
1
1
1
1
0
0
0
0
1
1
1
1
0
0
0
1
1
1
1
0
0
0
1
1
0
0
1
0
0
0
0
0
1
1
0
0
0
1
0
1
1
1
1
1
0
1
0
1
1
0
1
1
1
0
1
0
1
0
0
1
1
1
0
0
0
0
0
0
1
0
1
0
1
0
0
0
0
0
1
0
0
0
1
0
0
1
1
1
1
1
0
1
0
1
0
1
0
0
1
1
1
0
1
1
0
1
1
0
1
1
1
0
1
1
1
0
0
1
1
1
1
1
0
1
0
1
0
0
0
0
0
0
0
0
0
0
0
0
0
1
0
1
0
0
1
0
1
0
0
0
1
1
0
0
1
1
0
1
0
0
0
0
1
1
1
0
0
1
1
0
1
1
1
1
0
0
0
0
0
0
0
1
0
1
1
1
1
1
1
1
0
1
0
0
1
0
0
0
1
1
0
0
0
1
1
0
0
0
1
1
1
1
1
0
1
0
0
1
0
0
1
1
0
1
0
1
0
0
1
0
0
1
1
1
1
0
0
1
0
0
0
1
0
1
1
1
0
1
1
0
0
0
1
1
1
0
1
0
1
1
1
1
0
1
1
1
1
1
1
0
0
0
0
0
0
1
1
0
0
1
1
0
0
1
1
1
0
1
1
1
0
0
1
0
1
1
1
0
1
1
1
1
0
0
0
1
0
0
1
0
0
0
1
0
1
1
1
0
0
0
1
0
1
1
1
1
0
1
1
0
1
1
1
0
1
1
1
0
0
0
0
0
0
0
0
1
1
1
1
0
0
1
1
1
0
1
0
1
1
1
0
0
0
0
1
0
0
0
0
0
1
0
1
1
0
0
1
1
1
0
0
1
1
1
1
1
1
1
0
1
1
0
0
1
0
1
1
1
1
0
1
0
1
1
1
1
0
0
1
1
0
0
1
0
1
1
0
0
0
1
0
0
0
0
0
1
0
0
1
0
1
0
1
0
1
0
1
1
0
1
0
0
1
0
0
1
0
0
0
0
1
1
1
1
1
0
1
1
1
1
1
0
0
1
0
1
1
1
1
0
0
1
0
0
0
0
0
1
1
0
1
0
0
0
0
1
1
0
0
1
1
0
1
1
0
1
0
1
0
1
0
0
0
0
0
0
0
1
0
0
0
0
1
0
0
1
0
0
1
0
1
0
1
1
1
0
0
0
1
0
0
1
0
0
0
1
0
1
0
0
0
0
0
1
0
1
0
0
0
0
0
0
0
1
1
1
0
// Original shape: torch.Size([1, 1, 25, 25])
/* Original data:
tensor([[[[0., 0., 1., 1., 1., 0., 0., 1., 0., 1., 0., 1., 0., 1., 0., 0., 0.,
           1., 0., 1., 1., 1., 1., 0., 0.],
          [1., 1., 0., 1., 1., 1., 1., 0., 0., 0., 1., 1., 0., 1., 1., 1., 0.,
           1., 1., 0., 0., 0., 0., 1., 1.],
          [0., 0., 0., 0., 1., 0., 1., 0., 1., 1., 0., 1., 0., 1., 0., 0., 0.,
           1., 1., 1., 1., 1., 0., 0., 0.],
          [0., 1., 1., 1., 1., 0., 0., 0., 1., 1., 1., 1., 0., 0., 0., 1., 1.,
           0., 0., 1., 0., 0., 0., 0., 0.],
          [1., 1., 0., 0., 0., 1., 0., 1., 1., 1., 1., 1., 0., 1., 0., 1., 1.,
           0., 1., 1., 1., 0., 1., 0., 1.],
          [0., 0., 1., 1., 1., 0., 0., 0., 0., 0., 0., 1., 0., 1., 0., 1., 0.,
           0., 0., 0., 0., 1., 0., 0., 0.],
          [1., 0., 0., 1., 1., 1., 1., 1., 0., 1., 0., 1., 0., 1., 0., 0., 1.,
           1., 1., 0., 1., 1., 0., 1., 1.],
          [0., 1., 1., 1., 0., 1., 1., 1., 0., 0., 1., 1., 1., 1., 1., 0., 1.,
           0., 1., 0., 0., 0., 0., 0., 0.],
          [0., 0., 0., 0., 0., 0., 0., 1., 0., 1., 0., 0., 1., 0., 1., 0., 0.,
           0., 1., 1., 0., 0., 1., 1., 0.],
          [1., 0., 0., 0., 0., 1., 1., 1., 0., 0., 1., 1., 0., 1., 1., 1., 1.,
           0., 0., 0., 0., 0., 0., 0., 1.],
          [0., 1., 1., 1., 1., 1., 1., 1., 0., 1., 0., 0., 1., 0., 0., 0., 1.,
           1., 0., 0., 0., 1., 1., 0., 0.],
          [0., 1., 1., 1., 1., 1., 0., 1., 0., 0., 1., 0., 0., 1., 1., 0., 1.,
           0., 1., 0., 0., 1., 0., 0., 1.],
          [1., 1., 1., 0., 0., 1., 0., 0., 0., 1., 0., 1., 1., 1., 0., 1., 1.,
           0., 0., 0., 1., 1., 1., 0., 1.],
          [0., 1., 1., 1., 1., 0., 1., 1., 1., 1., 1., 1., 0., 0., 0., 0., 0.,
           0., 1., 1., 0., 0., 1., 1., 0.],
          [0., 1., 1., 1., 0., 1., 1., 1., 0., 0., 1., 0., 1., 1., 1., 0., 1.,
           1., 1., 1., 0., 0., 0., 1., 0.],
          [0., 1., 0., 0., 0., 1., 0., 1., 1., 1., 0., 0., 0., 1., 0., 1., 1.,
           1., 1., 0., 1., 1., 0., 1., 1.],
          [1., 0., 1., 1., 1., 0., 0., 0., 0., 0., 0., 0., 0., 1., 1., 1., 1.,
           0., 0., 1., 1., 1., 0., 1., 0.],
          [1., 1., 1., 0., 0., 0., 0., 1., 0., 0., 0., 0., 0., 1., 0., 1., 1.,
           0., 0., 1., 1., 1., 0., 0., 1.],
          [1., 1., 1., 1., 1., 1., 0., 1., 1., 0., 0., 1., 0., 1., 1., 1., 1.,
           0., 1., 0., 1., 1., 1., 1., 0.],
          [0., 1., 1., 0., 0., 1., 0., 1., 1., 0., 0., 0., 1., 0., 0., 0., 0.,
           0., 1., 0., 0., 1., 0., 1., 0.],
          [1., 0., 1., 0., 1., 1., 0., 1., 0., 0., 1., 0., 0., 1., 0., 0., 0.,
           0., 1., 1., 1., 1., 1., 0., 1.],
          [1., 1., 1., 1., 0., 0., 1., 0., 1., 1., 1., 1., 0., 0., 1., 0., 0.,
           0., 0., 0., 1., 1., 0., 1., 0.],
          [0., 0., 0., 1., 1., 0., 0., 1., 1., 0., 1., 1., 0., 1., 0., 1., 0.,
           1., 0., 0., 0., 0., 0., 0., 0.],
          [1., 0., 0., 0., 0., 1., 0., 0., 1., 0., 0., 1., 0., 1., 0., 1., 1.,
           1., 0., 0., 0., 1., 0., 0., 1.],
          [0., 0., 0., 1., 0., 1., 0., 0., 0., 0., 0., 1., 0., 1., 0., 0., 0.,
           0., 0., 0., 0., 1., 1., 1., 0.]]]])*/
