15
8
10
6
32
8
9
31
12
18
3
10
7
11
32
8
5
11
6
6
9
4
11
12
15
9
5
4
9
5
17
10
9
31
8
13
14
10
9
5
23
22
19
4
4
28
7
4
8
21
9
18
29
5
1
3
28
5
5
13
8
6
29
6
21
25
21
14
8
9
18
9
19
13
9
10
5
16
16
5
32
28
27
25
5
2
25
8
32
5
3
11
13
21
12
13
8
28
2
32
3
32
5
28
32
29
3
13
13
5
9
2
31
23
7
13
13
8
12
5
5
28
30
19
25
30
1
10
20
31
17
15
8
12
7
19
5
13
14
8
3
27
30
28
26
23
26
9
19
11
18
9
17
11
28
28
5
17
3
12
8
15
4
29
22
29
23
23
2
9
5
10
30
5
31
3
5
6
11
13
23
32
2
27
25
26
27
25
4
16
19
15
22
11
16
16
10
6
17
6
1
5
9
5
28
24
28
5
29
2
32
36
26
22
20
20
11
8
2
3
4
32
10
30
5
15
7
3
26
29
7
10
22
12
18
6
10
8
5
12
16
13
5
17
9
16
6
9
12
6
3
6
18
18
8
9
6
16
5
4
24
3
28
12
15
14
13
15
15
7
13
17
15
21
16
10
2
2
28
5
4
30
7
3
6
12
7
7
14
13
16
10
12
3
8
16
8
16
10
10
1
22
19
26
2
9
30
26
27
19
16
22
15
18
10
18
22
27
32
30
1
28
31
19
28
24
10
17
9
9
9
14
14
15
24
17
15
8
5
12
8
22
23
18
11
22
26
27
5
3
6
8
7
16
13
23
14
28
24
7
4
32
1
3
7
28
29
28
7
32
26
30
31
4
18
16
21
20
14
14
6
15
21
8
13
17
32
5
31
31
31
28
31
21
28
3
7
10
6
7
15
1
1
3
3
5
8
4
3
1
29
25
28
28
25
28
31
26
31
31
30
27
4
7
32
31
2
8
28
6
3
32
27
30
21
15
21
2
4
7
12
// Original shape: torch.Size([1, 1, 21, 21])
/* Original data:
tensor([[[[15.,  8., 10.,  6., 32.,  8.,  9., 31., 12., 18.,  3., 10.,  7., 11.,
           32.,  8.,  5., 11.,  6.,  6.,  9.],
          [ 4., 11., 12., 15.,  9.,  5.,  4.,  9.,  5., 17., 10.,  9., 31.,  8.,
           13., 14., 10.,  9.,  5., 23., 22.],
          [19.,  4.,  4., 28.,  7.,  4.,  8., 21.,  9., 18., 29.,  5.,  1.,  3.,
           28.,  5.,  5., 13.,  8.,  6., 29.],
          [ 6., 21., 25., 21., 14.,  8.,  9., 18.,  9., 19., 13.,  9., 10.,  5.,
           16., 16.,  5., 32., 28., 27., 25.],
          [ 5.,  2., 25.,  8., 32.,  5.,  3., 11., 13., 21., 12., 13.,  8., 28.,
            2., 32.,  3., 32.,  5., 28., 32.],
          [29.,  3., 13., 13.,  5.,  9.,  2., 31., 23.,  7., 13., 13.,  8., 12.,
            5.,  5., 28., 30., 19., 25., 30.],
          [ 1., 10., 20., 31., 17., 15.,  8., 12.,  7., 19.,  5., 13., 14.,  8.,
            3., 27., 30., 28., 26., 23., 26.],
          [ 9., 19., 11., 18.,  9., 17., 11., 28., 28.,  5., 17.,  3., 12.,  8.,
           15.,  4., 29., 22., 29., 23., 23.],
          [ 2.,  9.,  5., 10., 30.,  5., 31.,  3.,  5.,  6., 11., 13., 23., 32.,
            2., 27., 25., 26., 27., 25.,  4.],
          [16., 19., 15., 22., 11., 16., 16., 10.,  6., 17.,  6.,  1.,  5.,  9.,
            5., 28., 24., 28.,  5., 29.,  2.],
          [32., 36., 26., 22., 20., 20., 11.,  8.,  2.,  3.,  4., 32., 10., 30.,
            5., 15.,  7.,  3., 26., 29.,  7.],
          [10., 22., 12., 18.,  6., 10.,  8.,  5., 12., 16., 13.,  5., 17.,  9.,
           16.,  6.,  9., 12.,  6.,  3.,  6.],
          [18., 18.,  8.,  9.,  6., 16.,  5.,  4., 24.,  3., 28., 12., 15., 14.,
           13., 15., 15.,  7., 13., 17., 15.],
          [21., 16., 10.,  2.,  2., 28.,  5.,  4., 30.,  7.,  3.,  6., 12.,  7.,
            7., 14., 13., 16., 10., 12.,  3.],
          [ 8., 16.,  8., 16., 10., 10.,  1., 22., 19., 26.,  2.,  9., 30., 26.,
           27., 19., 16., 22., 15., 18., 10.],
          [18., 22., 27., 32., 30.,  1., 28., 31., 19., 28., 24., 10., 17.,  9.,
            9.,  9., 14., 14., 15., 24., 17.],
          [15.,  8.,  5., 12.,  8., 22., 23., 18., 11., 22., 26., 27.,  5.,  3.,
            6.,  8.,  7., 16., 13., 23., 14.],
          [28., 24.,  7.,  4., 32.,  1.,  3.,  7., 28., 29., 28.,  7., 32., 26.,
           30., 31.,  4., 18., 16., 21., 20.],
          [14., 14.,  6., 15., 21.,  8., 13., 17., 32.,  5., 31., 31., 31., 28.,
           31., 21., 28.,  3.,  7., 10.,  6.],
          [ 7., 15.,  1.,  1.,  3.,  3.,  5.,  8.,  4.,  3.,  1., 29., 25., 28.,
           28., 25., 28., 31., 26., 31., 31.],
          [30., 27.,  4.,  7., 32., 31.,  2.,  8., 28.,  6.,  3., 32., 27., 30.,
           21., 15., 21.,  2.,  4.,  7., 12.]]]])*/
