1
9
28
15
8
17
24
31
37
23
13
8
18
18
22
6
19
13
8
4
25
2
8
2
10
12
22
19
17
18
17
13
13
11
14
11
17
21
10
4
10
14
2
31
31
32
4
5
8
6
19
9
15
3
15
19
30
21
25
17
7
2
27
16
15
4
9
11
17
2
10
14
2
8
8
11
6
7
2
13
7
4
14
10
26
26
20
14
11
6
31
30
4
9
15
14
2
15
15
13
10
11
17
18
12
26
8
16
5
6
2
29
2
10
1
11
32
17
12
25
22
20
9
3
7
7
14
9
19
8
9
6
3
32
25
31
14
8
9
1
8
7
2
32
32
10
29
12
14
20
24
11
5
5
4
5
11
26
28
20
3
29
3
3
4
29
5
32
25
18
24
6
6
9
10
28
28
29
9
28
10
11
14
7
12
1
3
28
24
10
12
34
20
21
13
8
31
3
3
3
22
26
23
31
7
7
26
26
1
4
17
15
17
20
13
20
8
26
29
28
22
1
31
9
25
19
17
24
25
19
24
13
19
36
24
25
27
13
5
5
30
30
32
29
25
26
25
30
19
18
21
30
22
25
31
29
29
23
19
2
11
30
25
29
32
2
1
17
24
23
1
21
1
28
31
17
24
23
19
18
4
14
30
31
6
31
29
20
31
24
20
27
26
2
4
12
12
23
15
19
22
8
6
5
4
2
1
31
28
22
31
28
26
28
32
8
9
12
20
13
7
18
15
18
5
31
21
30
23
31
32
7
24
16
7
1
30
1
11
12
20
15
25
7
4
2
10
3
14
6
25
32
7
12
9
10
11
28
6
8
23
17
12
15
14
16
8
12
12
9
11
6
11
10
10
16
13
2
1
5
14
20
20
27
19
16
1
30
30
2
6
9
6
10
11
8
23
8
10
26
30
7
14
15
10
8
31
11
6
9
9
21
11
15
5
10
14
11
11
5
26
4
32
10
17
25
14
17
7
30
7
21
15
14
18
13
11
13
17
17
6
// Original shape: torch.Size([1, 1, 21, 21])
/* Original data:
tensor([[[[ 1.,  9., 28., 15.,  8., 17., 24., 31., 37., 23., 13.,  8., 18., 18.,
           22.,  6., 19., 13.,  8.,  4., 25.],
          [ 2.,  8.,  2., 10., 12., 22., 19., 17., 18., 17., 13., 13., 11., 14.,
           11., 17., 21., 10.,  4., 10., 14.],
          [ 2., 31., 31., 32.,  4.,  5.,  8.,  6., 19.,  9., 15.,  3., 15., 19.,
           30., 21., 25., 17.,  7.,  2., 27.],
          [16., 15.,  4.,  9., 11., 17.,  2., 10., 14.,  2.,  8.,  8., 11.,  6.,
            7.,  2., 13.,  7.,  4., 14., 10.],
          [26., 26., 20., 14., 11.,  6., 31., 30.,  4.,  9., 15., 14.,  2., 15.,
           15., 13., 10., 11., 17., 18., 12.],
          [26.,  8., 16.,  5.,  6.,  2., 29.,  2., 10.,  1., 11., 32., 17., 12.,
           25., 22., 20.,  9.,  3.,  7.,  7.],
          [14.,  9., 19.,  8.,  9.,  6.,  3., 32., 25., 31., 14.,  8.,  9.,  1.,
            8.,  7.,  2., 32., 32., 10., 29.],
          [12., 14., 20., 24., 11.,  5.,  5.,  4.,  5., 11., 26., 28., 20.,  3.,
           29.,  3.,  3.,  4., 29.,  5., 32.],
          [25., 18., 24.,  6.,  6.,  9., 10., 28., 28., 29.,  9., 28., 10., 11.,
           14.,  7., 12.,  1.,  3., 28., 24.],
          [10., 12., 34., 20., 21., 13.,  8., 31.,  3.,  3.,  3., 22., 26., 23.,
           31.,  7.,  7., 26., 26.,  1.,  4.],
          [17., 15., 17., 20., 13., 20.,  8., 26., 29., 28., 22.,  1., 31.,  9.,
           25., 19., 17., 24., 25., 19., 24.],
          [13., 19., 36., 24., 25., 27., 13.,  5.,  5., 30., 30., 32., 29., 25.,
           26., 25., 30., 19., 18., 21., 30.],
          [22., 25., 31., 29., 29., 23., 19.,  2., 11., 30., 25., 29., 32.,  2.,
            1., 17., 24., 23.,  1., 21.,  1.],
          [28., 31., 17., 24., 23., 19., 18.,  4., 14., 30., 31.,  6., 31., 29.,
           20., 31., 24., 20., 27., 26.,  2.],
          [ 4., 12., 12., 23., 15., 19., 22.,  8.,  6.,  5.,  4.,  2.,  1., 31.,
           28., 22., 31., 28., 26., 28., 32.],
          [ 8.,  9., 12., 20., 13.,  7., 18., 15., 18.,  5., 31., 21., 30., 23.,
           31., 32.,  7., 24., 16.,  7.,  1.],
          [30.,  1., 11., 12., 20., 15., 25.,  7.,  4.,  2., 10.,  3., 14.,  6.,
           25., 32.,  7., 12.,  9., 10., 11.],
          [28.,  6.,  8., 23., 17., 12., 15., 14., 16.,  8., 12., 12.,  9., 11.,
            6., 11., 10., 10., 16., 13.,  2.],
          [ 1.,  5., 14., 20., 20., 27., 19., 16.,  1., 30., 30.,  2.,  6.,  9.,
            6., 10., 11.,  8., 23.,  8., 10.],
          [26., 30.,  7., 14., 15., 10.,  8., 31., 11.,  6.,  9.,  9., 21., 11.,
           15.,  5., 10., 14., 11., 11.,  5.],
          [26.,  4., 32., 10., 17., 25., 14., 17.,  7., 30.,  7., 21., 15., 14.,
           18., 13., 11., 13., 17., 17.,  6.]]]])*/
